1001 1 2 3 4096 4 1 1
1002 2 1 4 8192 8 0 0
1003 3 2 1 12288 4 1 0
1004 4 3 2 16384 4 0 0
1005 1 4 5 20480 8 0 0
1006 2 3 6 24576 4 1 1
1007 3 2 7 4096 4 0 0
1008 4 1 8 8192 4 1 0
1009 5 2 9 12288 8 1 1
1010 6 3 10 4096 4 0 0
1011 1 4 11 8192 4 0 1
1012 2 1 12 4096 8 1 0
1013 3 2 13 12288 8 0 1
1014 4 3 14 24576 4 0 0
1015 1 4 15 16384 4 1 1
1016 2 2 16 20480 8 0 0
1017 3 1 17 12288 4 0 1
1018 4 4 18 24576 4 0 0
1019 5 3 19 16384 4 1 0
1020 6 2 20 20480 8 0 0
1021 1 4 21 4096 4 1 1
1022 2 1 22 8192 8 0 0
1023 3 2 23 12288 4 0 1
1024 4 3 24 24576 4 1 0
1025 1 4 25 16384 8 1 1
1026 2 3 26 20480 8 0 0
1027 3 2 27 12288 4 1 0
1028 4 1 28 8192 4 0 0
1029 5 2 29 24576 4 0 1
1030 6 3 30 16384 4 1 0
1031 1 4 31 4096 4 0 0
1032 2 2 32 8192 8 1 0
